lower [0 0 0 0 0 0 0 0 0 0 0 0 0 0 0 0 0 0 0 0]
upper [19 19 19 19 19 19 19 19 19 19 19 19 19 19 19 19 19 19 19 19]
subseq_len 16 start_row 0
graph (40, 20)
[[ 0  0  1  1  1  1  1  1  1  1  1  1  1  1  1  1  1  1  1  1]
 [ 1  1  1  2  2  2  2  2  2  2  2  2  2  2  2  2  2  2  2  2]
 [ 1  1  2  2  3  3  3  3  3  3  3  3  3  3  3  3  3  3  3  3]
 [ 1  2  2  3  3  3  4  4  4  4  4  4  4  4  4  4  4  4  4  4]
 [ 1  2  3  3  4  4  4  4  4  5  5  5  5  5  5  5  5  5  5  5]
 [ 1  2  3  4  4  4  5  5  5  5  6  6  6  6  6  6  6  6  6  6]
 [ 1  2  3  4  5  5  5  5  5  6  6  6  6  6  7  7  7  7  7  7]
 [ 1  2  3  4  5  5  6  6  6  6  7  7  7  7  7  8  8  8  8  8]
 [ 1  2  3  4  5  6  6  6  6  7  7  7  7  7  8  8  8  9  9  9]
 [ 1  2  3  4  5  6  7  7  7  7  8  8  8  8  8  9  9  9 10 10]
 [ 1  2  3  4  5  6  7  8  8  8  8  9  9  9  9  9 10 10 10 11]
 [ 1  2  3  4  5  6  7  8  8  9  9  9  9  9 10 10 10 11 11 11]
 [ 1  2  3  4  5  6  7  8  9  9 10 10 10 10 10 11 11 11 12 12]
 [ 1  2  3  4  5  6  7  8  9 10 10 10 10 10 11 11 11 12 12 12]
 [ 1  2  3  4  5  6  7  8  9 10 11 11 11 11 11 12 12 12 13 13]
 [ 1  2  3  4  5  6  7  8  9 10 11 11 11 11 12 12 12 13 13 13]
 [ 1  2  3  4  5  6  7  8  9 10 11 12 12 12 12 13 13 13 14 14]
 [ 1  2  3  4  5  6  7  8  9 10 11 12 12 12 13 13 13 14 14 14]
 [ 1  2  3  4  5  6  7  8  9 10 11 12 13 13 13 14 14 14 15 15]
 [ 1  2  3  4  5  6  7  8  9 10 11 12 13 14 14 14 15 15 15 16]
 [ 0  0  0  0  0  0  0  0  0  0  0  0  0  0  0  0  0  0  0  0]
 [ 0  0  0  0  0  0  0  0  0  0  0  0  0  0  0  0  0  0  0  0]
 [ 0  0  0  0  0  0  0  0  0  0  0  0  0  0  0  0  0  0  0  0]
 [ 0  0  0  0  0  0  0  0  0  0  0  0  0  0  0  0  0  0  0  0]
 [ 0  0  0  0  0  0  0  0  0  0  0  0  0  0  0  0  0  0  0  0]
 [ 0  0  0  0  0  0  0  0  0  0  0  0  0  0  0  0  0  0  0  0]
 [ 0  0  0  0  0  0  0  0  0  0  0  0  0  0  0  0  0  0  0  0]
 [ 0  0  0  0  0  0  0  0  0  0  0  0  0  0  0  0  0  0  0  0]
 [ 0  0  0  0  0  0  0  0  0  0  0  0  0  0  0  0  0  0  0  0]
 [ 0  0  0  0  0  0  0  0  0  0  0  0  0  0  0  0  0  0  0  0]
 [ 0  0  0  0  0  0  0  0  0  0  0  0  0  0  0  0  0  0  0  0]
 [ 0  0  0  0  0  0  0  0  0  0  0  0  0  0  0  0  0  0  0  0]
 [ 0  0  0  0  0  0  0  0  0  0  0  0  0  0  0  0  0  0  0  0]
 [ 0  0  0  0  0  0  0  0  0  0  0  0  0  0  0  0  0  0  0  0]
 [ 0  0  0  0  0  0  0  0  0  0  0  0  0  0  0  0  0  0  0  0]
 [ 0  0  0  0  0  0  0  0  0  0  0  0  0  0  0  0  0  0  0  0]
 [ 0  0  0  0  0  0  0  0  0  0  0  0  0  0  0  0  0  0  0  0]
 [ 0  0  0  0  0  0  0  0  0  0  0  0  0  0  0  0  0  0  0  0]
 [ 0  0  0  0  0  0  0  0  0  0  0  0  0  0  0  0  0  0  0  0]
 [ 0  0  0  0  0  0  0  0  0  0  0  0  0  0  0  0  0  0  0  0]]
lower_path [ 0  0  0  1  1  2  2  3  5  6  7  9 10 12 13 14 16 17 18 19]
upper_path [ 2  3  4  5  7  8  9 11 12 13 13 13 13 14 15 15 16 17 18 19]


longest_subsequence 16
lower [ 0  0  0  1  1  2  2  3  5  6  7  9 10 12 13 14 16 17 18 19]
upper [22 23 24 25 27 28 29 31 32 33 33 33 33 34 35 35 36 37 38 39]
subseq_len 20 start_row 10
graph (40, 20)
[[ 0  0  1  1  1  1  1  1  1  1  1  1  1  1  1  1  1  1  1  1]
 [ 1  1  1  1  1  2  2  2  2  2  2  2  2  2  2  2  2  2  2  2]
 [ 1  1  2  2  2  1  1  3  3  3  3  3  3  3  3  3  3  3  3  3]
 [ 1  2  2  3  3  3  2  1  4  4  4  4  4  4  4  4  4  4  4  4]
 [ 1  2  3  3  4  4  4  4  4  5  5  5  5  5  5  5  5  5  5  5]
 [ 1  2  3  4  4  4  5  5  1  5  6  6  6  6  6  6  6  6  6  6]
 [ 1  2  3  4  5  5  5  5  5  1  6  6  6  6  7  7  7  7  7  7]
 [ 1  2  3  4  5  5  6  6  6  6  1  7  7  7  7  8  8  8  8  8]
 [ 1  2  3  4  5  6  6  6  6  7  7  7  7  7  8  8  8  9  9  9]
 [ 1  2  3  4  5  6  7  7  7  7  8  1  8  8  8  9  9  9 10 10]
 [ 1  2  3  4  5  6  7  8  8  8  8  9  1  9  9  9 10 10 10 11]
 [ 1  2  3  4  5  6  7  8  8  9  9  9  9  9 10 10 10 11 11 11]
 [ 1  2  3  4  5  6  7  8  9  9 10 10 10  1 10 11 11 11 12 12]
 [ 1  2  3  4  5  6  7  8  9 10 10 10 10 10  1 11 11 12 12 12]
 [ 1  2  3  4  5  6  7  8  9 10 11 11 11 11 11  1 12 12 13 13]
 [ 1  2  3  4  5  6  7  8  9 10 11 11 11 11 12 12 12 13 13 13]
 [ 1  2  3  4  5  6  7  8  9 10 11 12 12 12 12 13  1 13 14 14]
 [ 1  2  3  4  5  6  7  8  9 10 11 12 12 12 13 13 13  1 14 14]
 [ 1  2  3  4  5  6  7  8  9 10 11 12 13 13 13 14 14 14  1 15]
 [ 1  2  3  4  5  6  7  8  9 10 11 12 13 14 14 14 15 15 15  1]
 [ 1  2  3  4  5  6  7  8  9 10 11 12 13 14 15 15 15 16 16 16]
 [ 1  2  3  4  5  6  7  8  9 10 11 12 13 14 15 16 16 16 17 17]
 [ 1  2  3  4  5  6  7  8  9 10 11 12 13 14 15 16 16 17 17 17]
 [ 0  2  3  4  5  6  7  8  9 10 11 12 13 14 15 16 17 17 18 18]
 [ 0  0  3  4  5  6  7  8  9 10 11 12 13 14 15 16 17 18 18 18]
 [ 0  0  0  4  5  6  7  8  9 10 11 12 13 14 15 16 17 18 19 19]
 [ 0  0  0  0  5  6  7  8  9 10 11 12 13 14 15 16 17 18 19 19]
 [ 0  0  0  0  5  6  7  8  9 10 11 12 13 14 15 16 17 18 19 20]
 [ 0  0  0  0  0  6  7  8  9 10 11 12 13 14 15 16 17 18 19 20]
 [ 0  0  0  0  0  0  7  8  9 10 11 12 13 14 15 16 17 18 19 20]
 [ 0  0  0  0  0  0  0  8  9 10 11 12 13 14 15 16 17 18 19 20]
 [ 0  0  0  0  0  0  0  8  9 10 11 12 13 14 15 16 17 18 19 20]
 [ 0  0  0  0  0  0  0  0  9 10 11 12 13 14 15 16 17 18 19 20]
 [ 0  0  0  0  0  0  0  0  0 10 11 12 13 14 15 16 17 18 19 20]
 [ 0  0  0  0  0  0  0  0  0  0  0  0  0 14 15 16 17 18 19 20]
 [ 0  0  0  0  0  0  0  0  0  0  0  0  0  0 15 16 17 18 19 20]
 [ 0  0  0  0  0  0  0  0  0  0  0  0  0  0  0  0 17 18 19 20]
 [ 0  0  0  0  0  0  0  0  0  0  0  0  0  0  0  0  0 18 19 20]
 [ 0  0  0  0  0  0  0  0  0  0  0  0  0  0  0  0  0  0 19 20]
 [ 0  0  0  0  0  0  0  0  0  0  0  0  0  0  0  0  0  0  0 20]]
lower_path [10 10 10 10 10 10 10 12 14 15 16 18 19 21 22 23 25 26 27 29]
upper_path [10 10 10 10 10 10 11 13 14 15 17 18 20 21 22 24 25 26 28 29]


longest_subsequence 20
lower [ 0  0  0  1  1  2  2  3  5  6  7  9 10 12 13 14 16 17 18 19]
upper [10 10 10 10 10 10 11 13 14 15 17 18 20 21 22 24 25 26 28 29]
subseq_len 18 start_row 5
graph (40, 20)
[[ 0  0  1  1  1  1  1  1  1  1  1  1  1  1  1  1  1  1  1  1]
 [ 1  1  1  1  1  2  2  2  2  2  2  2  2  2  2  2  2  2  2  2]
 [ 1  1  2  2  2  1  1  3  3  3  3  3  3  3  3  3  3  3  3  3]
 [ 1  2  2  3  3  3  2  1  4  4  4  4  4  4  4  4  4  4  4  4]
 [ 1  2  3  3  4  4  4  4  4  5  5  5  5  5  5  5  5  5  5  5]
 [ 1  2  3  4  4  4  5  5  1  5  6  6  6  6  6  6  6  6  6  6]
 [ 1  2  3  4  5  5  5  5  5  1  6  6  6  6  7  7  7  7  7  7]
 [ 1  2  3  4  5  5  6  6  6  6  1  7  7  7  7  8  8  8  8  8]
 [ 1  2  3  4  5  6  6  6  6  7  7  7  7  7  8  8  8  9  9  9]
 [ 1  2  3  4  5  6  7  7  7  7  8  1  8  8  8  9  9  9 10 10]
 [ 1  2  3  4  5  6  7  8  8  8  8  9  1  9  9  9 10 10 10 11]
 [ 1  2  3  4  5  6  7  8  8  9  9  9  9  9 10 10 10 11 11 11]
 [ 1  2  3  4  5  6  7  8  9  9 10 10 10  1 10 11 11 11 12 12]
 [ 1  2  3  4  5  6  7  8  9 10 10 10 10 10  1 11 11 12 12 12]
 [ 1  2  3  4  5  6  7  8  9 10 11 11 11 11 11  1 12 12 13 13]
 [ 1  2  3  4  5  6  7  8  9 10 11 11 11 11 12 12 12 13 13 13]
 [ 1  2  3  4  5  6  7  8  9 10 11 12 12 12 12 13  1 13 14 14]
 [ 1  2  3  4  5  6  7  8  9 10 11 12 12 12 13 13 13  1 14 14]
 [ 1  2  3  4  5  6  7  8  9 10 11 12 13 13 13 14 14 14  1 15]
 [ 1  2  3  4  5  6  7  8  9 10 11 12 13 14 14 14 15 15 15  1]
 [ 1  2  3  4  5  6  7  8  9 10 11 12 13 14 15 15 15 16 16 16]
 [ 1  2  3  4  5  6  7  8  9 10 11 12 13 14 15 16 16 16 17 17]
 [ 1  2  3  4  5  6  7  8  9 10 11 12 13 14 15 16 16 17 17 17]
 [ 0  2  3  4  5  6  7  8  9 10 11 12 13 14 15 16 17 17 18 18]
 [ 0  0  3  4  5  6  7  8  9 10 11 12 13 14 15 16 17 18 18 18]
 [ 0  0  0  4  5  6  7  8  9 10 11 12 13 14 15 16 17 18 19 19]
 [ 0  0  0  0  5  6  7  8  9 10 11 12 13 14 15 16 17 18 19 19]
 [ 0  0  0  0  5  6  7  8  9 10 11 12 13 14 15 16 17 18 19 20]
 [ 0  0  0  0  0  6  7  8  9 10 11 12 13 14 15 16 17 18 19 20]
 [ 0  0  0  0  0  0  7  8  9 10 11 12 13 14 15 16 17 18 19 20]
 [ 0  0  0  0  0  0  0  8  9 10 11 12 13 14 15 16 17 18 19 20]
 [ 0  0  0  0  0  0  0  8  9 10 11 12 13 14 15 16 17 18 19 20]
 [ 0  0  0  0  0  0  0  0  9 10 11 12 13 14 15 16 17 18 19 20]
 [ 0  0  0  0  0  0  0  0  0 10 11 12 13 14 15 16 17 18 19 20]
 [ 0  0  0  0  0  0  0  0  0  0  0  0  0 14 15 16 17 18 19 20]
 [ 0  0  0  0  0  0  0  0  0  0  0  0  0  0 15 16 17 18 19 20]
 [ 0  0  0  0  0  0  0  0  0  0  0  0  0  0  0  0 17 18 19 20]
 [ 0  0  0  0  0  0  0  0  0  0  0  0  0  0  0  0  0 18 19 20]
 [ 0  0  0  0  0  0  0  0  0  0  0  0  0  0  0  0  0  0 19 20]
 [ 0  0  0  0  0  0  0  0  0  0  0  0  0  0  0  0  0  0  0 20]]
lower_path [ 5  5  5  5  5  6  7  9 10 11 11 12 14 16 17 18 19 20 21 23]
upper_path [ 5  5  5  5  7  8  9 11 12 13 15 17 18 19 20 22 23 24 24 24]


longest_subsequence 20
lower [ 0  0  0  1  1  2  2  3  5  6  7  9 10 12 13 14 16 17 18 19]
upper [ 5  5  5  5  7  8  9 11 12 13 15 17 18 19 20 22 23 24 24 24]
subseq_len 17 start_row 2
graph (40, 20)
[[ 0  0  1  1  1  1  1  1  1  1  1  1  1  1  1  1  1  1  1  1]
 [ 1  1  1  1  1  2  2  2  2  2  2  2  2  2  2  2  2  2  2  2]
 [ 1  1  2  2  2  1  1  3  3  3  3  3  3  3  3  3  3  3  3  3]
 [ 1  2  2  3  3  3  2  1  4  4  4  4  4  4  4  4  4  4  4  4]
 [ 1  2  3  3  4  4  4  4  4  5  5  5  5  5  5  5  5  5  5  5]
 [ 1  2  3  4  4  4  5  5  1  5  6  6  6  6  6  6  6  6  6  6]
 [ 1  2  3  4  5  5  5  5  5  1  6  6  6  6  7  7  7  7  7  7]
 [ 1  2  3  4  5  5  6  6  6  6  1  7  7  7  7  8  8  8  8  8]
 [ 1  2  3  4  5  6  6  6  6  7  7  7  7  7  8  8  8  9  9  9]
 [ 1  2  3  4  5  6  7  7  7  7  8  1  8  8  8  9  9  9 10 10]
 [ 1  2  3  4  5  6  7  8  8  8  8  9  1  9  9  9 10 10 10 11]
 [ 1  2  3  4  5  6  7  8  8  9  9  9  9  9 10 10 10 11 11 11]
 [ 1  2  3  4  5  6  7  8  9  9 10 10 10  1 10 11 11 11 12 12]
 [ 1  2  3  4  5  6  7  8  9 10 10 10 10 10  1 11 11 12 12 12]
 [ 1  2  3  4  5  6  7  8  9 10 11 11 11 11 11  1 12 12 13 13]
 [ 1  2  3  4  5  6  7  8  9 10 11 11 11 11 12 12 12 13 13 13]
 [ 1  2  3  4  5  6  7  8  9 10 11 12 12 12 12 13  1 13 14 14]
 [ 1  2  3  4  5  6  7  8  9 10 11 12 12 12 13 13 13  1 14 14]
 [ 1  2  3  4  5  6  7  8  9 10 11 12 13 13 13 14 14 14  1 15]
 [ 1  2  3  4  5  6  7  8  9 10 11 12 13 14 14 14 15 15 15  1]
 [ 1  2  3  4  5  6  7  8  9 10 11 12 13 14 15 15 15 16 16 16]
 [ 1  2  3  4  5  6  7  8  9 10 11 12 13 14 15 16 16 16 17 17]
 [ 1  2  3  4  5  6  7  8  9 10 11 12 13 14 15 16 16 17 17 17]
 [ 0  2  3  4  5  6  7  8  9 10 11 12 13 14 15 16 17 17 18 18]
 [ 0  0  3  4  5  6  7  8  9 10 11 12 13 14 15 16 17 18 18 18]
 [ 0  0  0  4  5  6  7  8  9 10 11 12 13 14 15 16 17 18 19 19]
 [ 0  0  0  0  5  6  7  8  9 10 11 12 13 14 15 16 17 18 19 19]
 [ 0  0  0  0  5  6  7  8  9 10 11 12 13 14 15 16 17 18 19 20]
 [ 0  0  0  0  0  6  7  8  9 10 11 12 13 14 15 16 17 18 19 20]
 [ 0  0  0  0  0  0  7  8  9 10 11 12 13 14 15 16 17 18 19 20]
 [ 0  0  0  0  0  0  0  8  9 10 11 12 13 14 15 16 17 18 19 20]
 [ 0  0  0  0  0  0  0  8  9 10 11 12 13 14 15 16 17 18 19 20]
 [ 0  0  0  0  0  0  0  0  9 10 11 12 13 14 15 16 17 18 19 20]
 [ 0  0  0  0  0  0  0  0  0 10 11 12 13 14 15 16 17 18 19 20]
 [ 0  0  0  0  0  0  0  0  0  0  0  0  0 14 15 16 17 18 19 20]
 [ 0  0  0  0  0  0  0  0  0  0  0  0  0  0 15 16 17 18 19 20]
 [ 0  0  0  0  0  0  0  0  0  0  0  0  0  0  0  0 17 18 19 20]
 [ 0  0  0  0  0  0  0  0  0  0  0  0  0  0  0  0  0 18 19 20]
 [ 0  0  0  0  0  0  0  0  0  0  0  0  0  0  0  0  0  0 19 20]
 [ 0  0  0  0  0  0  0  0  0  0  0  0  0  0  0  0  0  0  0 20]]
lower_path [ 2  2  2  3  4  6  7  9 10 11 11 12 14 16 17 18 19 20 20 21]
upper_path [ 2  3  4  5  7  8  9 11 12 13 15 15 15 16 17 18 19 20 20 21]


longest_subsequence 20
lower [ 0  0  0  1  1  2  2  3  5  6  7  9 10 12 13 14 16 17 18 19]
upper [ 2  3  4  5  7  8  9 11 12 13 15 15 15 16 17 18 19 20 20 21]
subseq_len 16 start_row 1
graph (40, 20)
[[ 0  0  1  1  1  1  1  1  1  1  1  1  1  1  1  1  1  1  1  1]
 [ 1  1  1  1  1  2  2  2  2  2  2  2  2  2  2  2  2  2  2  2]
 [ 1  1  2  2  2  1  1  3  3  3  3  3  3  3  3  3  3  3  3  3]
 [ 1  2  2  3  3  3  2  1  4  4  4  4  4  4  4  4  4  4  4  4]
 [ 1  2  3  3  4  4  4  4  4  5  5  5  5  5  5  5  5  5  5  5]
 [ 1  2  3  4  4  4  5  5  1  5  6  6  6  6  6  6  6  6  6  6]
 [ 1  2  3  4  5  5  5  5  5  1  6  6  6  6  7  7  7  7  7  7]
 [ 1  2  3  4  5  5  6  6  6  6  1  7  7  7  7  8  8  8  8  8]
 [ 1  2  3  4  5  6  6  6  6  7  7  7  7  7  8  8  8  9  9  9]
 [ 1  2  3  4  5  6  7  7  7  7  8  1  8  8  8  9  9  9 10 10]
 [ 1  2  3  4  5  6  7  8  8  8  8  9  1  9  9  9 10 10 10 11]
 [ 1  2  3  4  5  6  7  8  8  9  9  9  9  9 10 10 10 11 11 11]
 [ 1  2  3  4  5  6  7  8  9  9 10 10 10  1 10 11 11 11 12 12]
 [ 1  2  3  4  5  6  7  8  9 10 10 10 10 10  1 11 11 12 12 12]
 [ 1  2  3  4  5  6  7  8  9 10 11 11 11 11 11  1 12 12 13 13]
 [ 1  2  3  4  5  6  7  8  9 10 11 11 11 11 12 12 12 13 13 13]
 [ 1  2  3  4  5  6  7  8  9 10 11 12 12 12 12 13  1 13 14 14]
 [ 1  2  3  4  5  6  7  8  9 10 11 12 12 12 13 13 13  1 14 14]
 [ 1  2  3  4  5  6  7  8  9 10 11 12 13 13 13 14 14 14  1 15]
 [ 1  2  3  4  5  6  7  8  9 10 11 12 13 14 14 14 15 15 15  1]
 [ 1  2  3  4  5  6  7  8  9 10 11 12 13 14 15 15 15 16 16 16]
 [ 1  2  3  4  5  6  7  8  9 10 11 12 13 14 15 16 16 16 17 17]
 [ 1  2  3  4  5  6  7  8  9 10 11 12 13 14 15 16 16 17 17 17]
 [ 0  2  3  4  5  6  7  8  9 10 11 12 13 14 15 16 17 17 18 18]
 [ 0  0  3  4  5  6  7  8  9 10 11 12 13 14 15 16 17 18 18 18]
 [ 0  0  0  4  5  6  7  8  9 10 11 12 13 14 15 16 17 18 19 19]
 [ 0  0  0  0  5  6  7  8  9 10 11 12 13 14 15 16 17 18 19 19]
 [ 0  0  0  0  5  6  7  8  9 10 11 12 13 14 15 16 17 18 19 20]
 [ 0  0  0  0  0  6  7  8  9 10 11 12 13 14 15 16 17 18 19 20]
 [ 0  0  0  0  0  0  7  8  9 10 11 12 13 14 15 16 17 18 19 20]
 [ 0  0  0  0  0  0  0  8  9 10 11 12 13 14 15 16 17 18 19 20]
 [ 0  0  0  0  0  0  0  8  9 10 11 12 13 14 15 16 17 18 19 20]
 [ 0  0  0  0  0  0  0  0  9 10 11 12 13 14 15 16 17 18 19 20]
 [ 0  0  0  0  0  0  0  0  0 10 11 12 13 14 15 16 17 18 19 20]
 [ 0  0  0  0  0  0  0  0  0  0  0  0  0 14 15 16 17 18 19 20]
 [ 0  0  0  0  0  0  0  0  0  0  0  0  0  0 15 16 17 18 19 20]
 [ 0  0  0  0  0  0  0  0  0  0  0  0  0  0  0  0 17 18 19 20]
 [ 0  0  0  0  0  0  0  0  0  0  0  0  0  0  0  0  0 18 19 20]
 [ 0  0  0  0  0  0  0  0  0  0  0  0  0  0  0  0  0  0 19 20]
 [ 0  0  0  0  0  0  0  0  0  0  0  0  0  0  0  0  0  0  0 20]]
lower_path [ 1  1  2  3  4  6  7  9 10 11 11 12 14 16 17 18 19 20 20 20]
upper_path [ 2  3  4  5  7  8  9 11 12 13 15 15 15 16 17 18 19 20 20 20]


longest_subsequence 20
lower [ 2  2  2  3  4  6  7  9 10 11 11 12 14 16 17 18 19 20 20 21]
upper [ 5  5  5  5  7  8  9 11 12 13 15 17 18 19 20 22 23 24 24 24]
subseq_len 16 start_row 3
graph (40, 20)
[[ 0  0  1  1  1  1  1  1  1  1  1  1  1  1  1  1  1  1  1  1]
 [ 1  1  1  1  1  2  2  2  2  2  2  2  2  2  2  2  2  2  2  2]
 [ 0  0  1  2  2  1  1  3  3  3  3  3  3  3  3  3  3  3  3  3]
 [ 1  1  1  1  3  3  2  1  4  4  4  4  4  4  4  4  4  4  4  4]
 [ 1  1  2  2  1  4  4  4  4  5  5  5  5  5  5  5  5  5  5  5]
 [ 1  2  2  3  3  4  5  5  1  5  6  6  6  6  6  6  6  6  6  6]
 [ 1  2  3  4  4  1  5  5  5  1  6  6  6  6  7  7  7  7  7  7]
 [ 1  2  3  4  4  4  1  6  6  6  1  7  7  7  7  8  8  8  8  8]
 [ 1  2  3  4  5  5  5  6  6  7  7  7  7  7  8  8  8  9  9  9]
 [ 1  2  3  4  5  6  6  1  7  7  8  1  8  8  8  9  9  9 10 10]
 [ 1  2  3  4  5  6  7  7  1  8  8  9  1  9  9  9 10 10 10 11]
 [ 1  2  3  4  5  6  7  7  7  1  1  9  9  9 10 10 10 11 11 11]
 [ 1  2  3  4  5  6  7  8  8  8  2  1 10  1 10 11 11 11 12 12]
 [ 1  2  3  4  5  6  7  8  9  9  9  9 10 10  1 11 11 12 12 12]
 [ 1  2  3  4  5  6  7  8  9 10 10 10  1 11 11  1 12 12 13 13]
 [ 1  2  3  4  5  6  7  8  9 10 10 10 10 11 12 12 12 13 13 13]
 [ 1  2  3  4  5  6  7  8  9 10 11 11 11  1 12 13  1 13 14 14]
 [ 1  2  3  4  5  6  7  8  9 10 11 11 11 11  1 13 13  1 14 14]
 [ 1  2  3  4  5  6  7  8  9 10 11 12 12 12 12  1 14 14  1 15]
 [ 1  2  3  4  5  6  7  8  9 10 11 12 13 13 13 13  1 15 15  1]
 [ 1  2  3  4  5  6  7  8  9 10 11 12 13 14 14 14 14  1  1 16]
 [ 1  2  3  4  5  6  7  8  9 10 11 12 13 14 15 15 15 15  2  1]
 [ 1  2  3  4  5  6  7  8  9 10 11 12 13 14 15 15 15 16 16 16]
 [ 0  2  3  4  5  6  7  8  9 10 11 12 13 14 15 16 16 16 17 17]
 [ 0  0  3  4  5  6  7  8  9 10 11 12 13 14 15 16 17 17 17 17]
 [ 0  0  0  4  5  6  7  8  9 10 11 12 13 14 15 16 17 18 19 19]
 [ 0  0  0  0  5  6  7  8  9 10 11 12 13 14 15 16 17 18 19 19]
 [ 0  0  0  0  5  6  7  8  9 10 11 12 13 14 15 16 17 18 19 20]
 [ 0  0  0  0  0  6  7  8  9 10 11 12 13 14 15 16 17 18 19 20]
 [ 0  0  0  0  0  0  7  8  9 10 11 12 13 14 15 16 17 18 19 20]
 [ 0  0  0  0  0  0  0  8  9 10 11 12 13 14 15 16 17 18 19 20]
 [ 0  0  0  0  0  0  0  8  9 10 11 12 13 14 15 16 17 18 19 20]
 [ 0  0  0  0  0  0  0  0  9 10 11 12 13 14 15 16 17 18 19 20]
 [ 0  0  0  0  0  0  0  0  0 10 11 12 13 14 15 16 17 18 19 20]
 [ 0  0  0  0  0  0  0  0  0  0  0  0  0 14 15 16 17 18 19 20]
 [ 0  0  0  0  0  0  0  0  0  0  0  0  0  0 15 16 17 18 19 20]
 [ 0  0  0  0  0  0  0  0  0  0  0  0  0  0  0  0 17 18 19 20]
 [ 0  0  0  0  0  0  0  0  0  0  0  0  0  0  0  0  0 18 19 20]
 [ 0  0  0  0  0  0  0  0  0  0  0  0  0  0  0  0  0  0 19 20]
 [ 0  0  0  0  0  0  0  0  0  0  0  0  0  0  0  0  0  0  0 20]]
lower_path [ 3  3  4  5  6  8  9 10 12 13 14 16 18 19 20 20 21 22 22 22]
upper_path [ 4  5  6  7  9  9 11 13 14 15 17 17 18 19 20 20 21 22 22 22]


longest_subsequence 20
lower [ 3  3  4  5  6  8  9 10 12 13 14 16 18 19 20 20 21 22 22 22]
upper [ 5  5  5  5  7  8  9 11 12 13 15 17 18 19 20 22 23 24 24 24]
subseq_len 2 start_row 4
graph (40, 20)
[[ 0  0  1  1  1  1  1  1  1  1  1  1  1  1  1  1  1  1  1  1]
 [ 1  1  1  1  1  2  2  2  2  2  2  2  2  2  2  2  2  2  2  2]
 [ 0  0  1  2  2  1  1  3  3  3  3  3  3  3  3  3  3  3  3  3]
 [ 1  1  1  1  3  3  2  1  4  4  4  4  4  4  4  4  4  4  4  4]
 [ 1  1  1  2  1  4  4  4  4  5  5  5  5  5  5  5  5  5  5  5]
 [ 1  2  2  1  3  4  5  5  1  5  6  6  6  6  6  6  6  6  6  6]
 [ 1  2  3  4  1  1  5  5  5  1  6  6  6  6  7  7  7  7  7  7]
 [ 1  2  3  4  4  4  1  6  6  6  1  7  7  7  7  8  8  8  8  8]
 [ 1  2  3  4  5  1  5  6  6  7  7  7  7  7  8  8  8  9  9  9]
 [ 1  2  3  4  5  6  1  1  7  7  8  1  8  8  8  9  9  9 10 10]
 [ 1  2  3  4  5  6  7  1  1  8  8  9  1  9  9  9 10 10 10 11]
 [ 1  2  3  4  5  6  7  7  7  1  1  9  9  9 10 10 10 11 11 11]
 [ 1  2  3  4  5  6  7  8  1  8  2  1 10  1 10 11 11 11 12 12]
 [ 1  2  3  4  5  6  7  8  9  1  9  9 10 10  1 11 11 12 12 12]
 [ 1  2  3  4  5  6  7  8  9 10  1 10  1 11 11  1 12 12 13 13]
 [ 1  2  3  4  5  6  7  8  9 10 10 10 10 11 12 12 12 13 13 13]
 [ 1  2  3  4  5  6  7  8  9 10 11  1 11  1 12 13  1 13 14 14]
 [ 1  2  3  4  5  6  7  8  9 10 11 11 11 11  1 13 13  1 14 14]
 [ 1  2  3  4  5  6  7  8  9 10 11 12  1 12 12  1 14 14  1 15]
 [ 1  2  3  4  5  6  7  8  9 10 11 12 13  1 13 13  1 15 15  1]
 [ 1  2  3  4  5  6  7  8  9 10 11 12 13 14  1  1 14  1  1 16]
 [ 1  2  3  4  5  6  7  8  9 10 11 12 13 14 15  2  1 15  2  1]
 [ 1  2  3  4  5  6  7  8  9 10 11 12 13 14 15 15 15  1  1  1]
 [ 0  2  3  4  5  6  7  8  9 10 11 12 13 14 15 16 16 16  2  2]
 [ 0  0  3  4  5  6  7  8  9 10 11 12 13 14 15 16 17 17 17 17]
 [ 0  0  0  4  5  6  7  8  9 10 11 12 13 14 15 16 17 18 19 19]
 [ 0  0  0  0  5  6  7  8  9 10 11 12 13 14 15 16 17 18 19 19]
 [ 0  0  0  0  5  6  7  8  9 10 11 12 13 14 15 16 17 18 19 20]
 [ 0  0  0  0  0  6  7  8  9 10 11 12 13 14 15 16 17 18 19 20]
 [ 0  0  0  0  0  0  7  8  9 10 11 12 13 14 15 16 17 18 19 20]
 [ 0  0  0  0  0  0  0  8  9 10 11 12 13 14 15 16 17 18 19 20]
 [ 0  0  0  0  0  0  0  8  9 10 11 12 13 14 15 16 17 18 19 20]
 [ 0  0  0  0  0  0  0  0  9 10 11 12 13 14 15 16 17 18 19 20]
 [ 0  0  0  0  0  0  0  0  0 10 11 12 13 14 15 16 17 18 19 20]
 [ 0  0  0  0  0  0  0  0  0  0  0  0  0 14 15 16 17 18 19 20]
 [ 0  0  0  0  0  0  0  0  0  0  0  0  0  0 15 16 17 18 19 20]
 [ 0  0  0  0  0  0  0  0  0  0  0  0  0  0  0  0 17 18 19 20]
 [ 0  0  0  0  0  0  0  0  0  0  0  0  0  0  0  0  0 18 19 20]
 [ 0  0  0  0  0  0  0  0  0  0  0  0  0  0  0  0  0  0 19 20]
 [ 0  0  0  0  0  0  0  0  0  0  0  0  0  0  0  0  0  0  0 20]]
lower_path [ 4  4  4  4  4  6  7  9 10 11 12 14 15 16 17 18 19 20 21 23]
upper_path [ 4  5  6  7  9  9 11 13 14 15 15 15 15 16 17 18 19 20 22 23]


longest_subsequence 20
lower [ 5  5  5  5  5  6  7  9 10 11 11 12 14 16 17 18 19 20 21 23]
upper [10 10 10 10 10 10 11 13 14 15 17 18 20 21 22 24 25 26 28 29]
subseq_len 17 start_row 7
graph (40, 20)
[[ 0  0  1  1  1  1  1  1  1  1  1  1  1  1  1  1  1  1  1  1]
 [ 1  1  1  1  1  2  2  2  2  2  2  2  2  2  2  2  2  2  2  2]
 [ 0  0  1  2  2  1  1  3  3  3  3  3  3  3  3  3  3  3  3  3]
 [ 1  1  1  1  3  3  2  1  4  4  4  4  4  4  4  4  4  4  4  4]
 [ 1  1  1  2  1  4  4  4  4  5  5  5  5  5  5  5  5  5  5  5]
 [ 1  1  1  1  1  4  5  5  1  5  6  6  6  6  6  6  6  6  6  6]
 [ 1  1  2  2  2  1  5  5  5  1  6  6  6  6  7  7  7  7  7  7]
 [ 1  2  2  3  3  3  1  6  6  6  1  7  7  7  7  8  8  8  8  8]
 [ 1  2  3  3  4  4  4  6  6  7  7  7  7  7  8  8  8  9  9  9]
 [ 1  2  3  4  4  4  5  1  7  7  8  1  8  8  8  9  9  9 10 10]
 [ 1  2  3  4  4  4  5  6  1  8  8  9  1  9  9  9 10 10 10 11]
 [ 1  2  3  4  5  6  6  6  6  1  1  9  9  9 10 10 10 11 11 11]
 [ 1  2  3  4  5  6  7  7  7  7  2  1 10  1 10 11 11 11 12 12]
 [ 1  2  3  4  5  6  7  7  7  8  8  8 10 10  1 11 11 12 12 12]
 [ 1  2  3  4  5  6  7  8  8  8  9  9  1 11 11  1 12 12 13 13]
 [ 1  2  3  4  5  6  7  8  9  9  9  9  9 11 12 12 12 13 13 13]
 [ 1  2  3  4  5  6  7  8  9 10 10 10 10  1 12 13  1 13 14 14]
 [ 1  2  3  4  5  6  7  8  9 10 10 10 10 10  1 13 13  1 14 14]
 [ 1  2  3  4  5  6  7  8  9 10 11 11 11 11 11  1 14 14  1 15]
 [ 1  2  3  4  5  6  7  8  9 10 11 12 12 12 12 12  1 15 15  1]
 [ 1  2  3  4  5  6  7  8  9 10 11 12 12 12 13 13 13  1  1 16]
 [ 1  2  3  4  5  6  7  8  9 10 11 12 13 13 13 14 14 14  1  1]
 [ 1  2  3  4  5  6  7  8  9 10 11 12 13 14 14 14 14 15 15  1]
 [ 0  2  3  4  5  6  7  8  9 10 11 12 13 14 15 15 15 15 16  1]
 [ 0  0  3  4  5  6  7  8  9 10 11 12 13 14 15 15 15 16 16 16]
 [ 0  0  0  4  5  6  7  8  9 10 11 12 13 14 15 16 16 16 17 17]
 [ 0  0  0  0  5  6  7  8  9 10 11 12 13 14 15 16 17 17 17 17]
 [ 0  0  0  0  5  6  7  8  9 10 11 12 13 14 15 16 17 18 18 18]
 [ 0  0  0  0  0  6  7  8  9 10 11 12 13 14 15 16 17 18 18 18]
 [ 0  0  0  0  0  0  7  8  9 10 11 12 13 14 15 16 17 18 19 19]
 [ 0  0  0  0  0  0  0  8  9 10 11 12 13 14 15 16 17 18 19 20]
 [ 0  0  0  0  0  0  0  8  9 10 11 12 13 14 15 16 17 18 19 20]
 [ 0  0  0  0  0  0  0  0  9 10 11 12 13 14 15 16 17 18 19 20]
 [ 0  0  0  0  0  0  0  0  0 10 11 12 13 14 15 16 17 18 19 20]
 [ 0  0  0  0  0  0  0  0  0  0  0  0  0 14 15 16 17 18 19 20]
 [ 0  0  0  0  0  0  0  0  0  0  0  0  0  0 15 16 17 18 19 20]
 [ 0  0  0  0  0  0  0  0  0  0  0  0  0  0  0  0 17 18 19 20]
 [ 0  0  0  0  0  0  0  0  0  0  0  0  0  0  0  0  0 18 19 20]
 [ 0  0  0  0  0  0  0  0  0  0  0  0  0  0  0  0  0  0 19 20]
 [ 0  0  0  0  0  0  0  0  0  0  0  0  0  0  0  0  0  0  0 20]]
lower_path [ 7  7  7  7  7  8  9 10 12 13 14 16 18 19 20 20 21 22 23 25]
upper_path [ 7  7  9 10 10 11 13 15 16 17 18 20 22 23 24 24 25 26 26 26]


longest_subsequence 20
lower [ 5  5  5  5  5  6  7  9 10 11 11 12 14 16 17 18 19 20 21 23]
upper [ 7  7  9 10 10 11 13 15 16 17 18 20 22 23 24 24 25 26 26 26]
subseq_len 17 start_row 6
graph (40, 20)
[[ 0  0  1  1  1  1  1  1  1  1  1  1  1  1  1  1  1  1  1  1]
 [ 1  1  1  1  1  2  2  2  2  2  2  2  2  2  2  2  2  2  2  2]
 [ 0  0  1  2  2  1  1  3  3  3  3  3  3  3  3  3  3  3  3  3]
 [ 1  1  1  1  3  3  2  1  4  4  4  4  4  4  4  4  4  4  4  4]
 [ 1  1  1  2  1  4  4  4  4  5  5  5  5  5  5  5  5  5  5  5]
 [ 1  1  1  1  1  4  5  5  1  5  6  6  6  6  6  6  6  6  6  6]
 [ 1  1  2  2  2  1  5  5  5  1  6  6  6  6  7  7  7  7  7  7]
 [ 1  2  2  3  3  3  1  6  6  6  1  7  7  7  7  8  8  8  8  8]
 [ 1  2  3  3  4  4  4  6  6  7  7  7  7  7  8  8  8  9  9  9]
 [ 1  2  3  4  4  4  5  1  7  7  8  1  8  8  8  9  9  9 10 10]
 [ 1  2  3  4  4  4  5  6  1  8  8  9  1  9  9  9 10 10 10 11]
 [ 1  2  3  4  5  5  5  6  6  1  1  9  9  9 10 10 10 11 11 11]
 [ 1  2  3  4  5  6  6  6  7  7  2  1 10  1 10 11 11 11 12 12]
 [ 1  2  3  4  5  6  6  6  7  8  8  8 10 10  1 11 11 12 12 12]
 [ 1  2  3  4  5  6  7  7  7  8  9  9  1 11 11  1 12 12 13 13]
 [ 1  2  3  4  5  6  7  7  7  8  9  9  9 11 12 12 12 13 13 13]
 [ 1  2  3  4  5  6  7  8  8  8  9 10 10  1 12 13  1 13 14 14]
 [ 1  2  3  4  5  6  7  8  9  9  9 10 10 10  1 13 13  1 14 14]
 [ 1  2  3  4  5  6  7  8  9 10 10 10 11 11 11  1 14 14  1 15]
 [ 1  2  3  4  5  6  7  8  9 10 11 11 11 12 12 12  1 15 15  1]
 [ 1  2  3  4  5  6  7  8  9 10 11 11 11 12 13 13 13  1  1 16]
 [ 1  2  3  4  5  6  7  8  9 10 11 12 12 12 13 14 14 14  1  1]
 [ 1  2  3  4  5  6  7  8  9 10 11 12 12 12 13 14 14 15 15  1]
 [ 0  2  3  4  5  6  7  8  9 10 11 12 13 13 13 14 15 15 16  1]
 [ 0  0  3  4  5  6  7  8  9 10 11 12 13 14 14 14 15 16 16 16]
 [ 0  0  0  4  5  6  7  8  9 10 11 12 13 14 15 16 15 16 17 17]
 [ 0  0  0  0  5  6  7  8  9 10 11 12 13 14 15 16 17 16 17 17]
 [ 0  0  0  0  5  6  7  8  9 10 11 12 13 14 15 16 17 18 18 18]
 [ 0  0  0  0  0  6  7  8  9 10 11 12 13 14 15 16 17 18 18 18]
 [ 0  0  0  0  0  0  7  8  9 10 11 12 13 14 15 16 17 18 19 19]
 [ 0  0  0  0  0  0  0  8  9 10 11 12 13 14 15 16 17 18 19 20]
 [ 0  0  0  0  0  0  0  8  9 10 11 12 13 14 15 16 17 18 19 20]
 [ 0  0  0  0  0  0  0  0  9 10 11 12 13 14 15 16 17 18 19 20]
 [ 0  0  0  0  0  0  0  0  0 10 11 12 13 14 15 16 17 18 19 20]
 [ 0  0  0  0  0  0  0  0  0  0  0  0  0 14 15 16 17 18 19 20]
 [ 0  0  0  0  0  0  0  0  0  0  0  0  0  0 15 16 17 18 19 20]
 [ 0  0  0  0  0  0  0  0  0  0  0  0  0  0  0  0 17 18 19 20]
 [ 0  0  0  0  0  0  0  0  0  0  0  0  0  0  0  0  0 18 19 20]
 [ 0  0  0  0  0  0  0  0  0  0  0  0  0  0  0  0  0  0 19 20]
 [ 0  0  0  0  0  0  0  0  0  0  0  0  0  0  0  0  0  0  0 20]]
lower_path [ 6  6  6  7  7  8  9 10 12 13 14 16 18 19 20 20 21 22 23 25]
upper_path [ 6  6  6  7  7  8  9 11 12 13 15 17 18 19 20 22 23 24 24 25]


longest_subsequence 20
lower [ 7  7  7  7  7  8  9 10 12 13 14 16 18 19 20 20 21 22 23 25]
upper [10 10 10 10 10 10 11 13 14 15 17 18 20 21 22 24 25 26 28 29]
subseq_len 17 start_row 8
graph (40, 20)
[[ 0  0  1  1  1  1  1  1  1  1  1  1  1  1  1  1  1  1  1  1]
 [ 1  1  1  1  1  2  2  2  2  2  2  2  2  2  2  2  2  2  2  2]
 [ 0  0  1  2  2  1  1  3  3  3  3  3  3  3  3  3  3  3  3  3]
 [ 1  1  1  1  3  3  2  1  4  4  4  4  4  4  4  4  4  4  4  4]
 [ 1  1  1  2  1  4  4  4  4  5  5  5  5  5  5  5  5  5  5  5]
 [ 1  1  1  1  1  4  5  5  1  5  6  6  6  6  6  6  6  6  6  6]
 [ 1  1  2  2  2  1  5  5  5  1  6  6  6  6  7  7  7  7  7  7]
 [ 1  1  1  1  1  3  1  6  6  6  1  7  7  7  7  8  8  8  8  8]
 [ 1  1  2  2  2  1  4  6  6  7  7  7  7  7  8  8  8  9  9  9]
 [ 1  2  2  3  3  3  1  1  7  7  8  1  8  8  8  9  9  9 10 10]
 [ 1  2  2  3  3  3  4  1  1  8  8  9  1  9  9  9 10 10 10 11]
 [ 1  2  3  4  5  5  5  5  6  1  1  9  9  9 10 10 10 11 11 11]
 [ 1  2  3  4  5  6  6  6  1  7  2  1 10  1 10 11 11 11 12 12]
 [ 1  2  3  4  5  6  6  6  6  1  8  8 10 10  1 11 11 12 12 12]
 [ 1  2  3  4  5  6  7  7  7  7  1  9  1 11 11  1 12 12 13 13]
 [ 1  2  3  4  5  6  7  7  7  8  8  9  9 11 12 12 12 13 13 13]
 [ 1  2  3  4  5  6  7  8  8  8  9  1 10  1 12 13  1 13 14 14]
 [ 1  2  3  4  5  6  7  8  9  9  9  9 10 10  1 13 13  1 14 14]
 [ 1  2  3  4  5  6  7  8  9 10 10 10  1 11 11  1 14 14  1 15]
 [ 1  2  3  4  5  6  7  8  9 10 11 11 11  1 12 12  1 15 15  1]
 [ 1  2  3  4  5  6  7  8  9 10 11 11 11 11  1  1 13  1  1 16]
 [ 1  2  3  4  5  6  7  8  9 10 11 12 12 12 12  2  1 14  1  1]
 [ 1  2  3  4  5  6  7  8  9 10 11 12 12 12 13 13 13  1 15  1]
 [ 0  2  3  4  5  6  7  8  9 10 11 12 13 13 13 14 14 14  1  1]
 [ 0  0  3  4  5  6  7  8  9 10 11 12 13 14 14 14 14 15 15 16]
 [ 0  0  0  4  5  6  7  8  9 10 11 12 13 14 15 16 15 15 16  1]
 [ 0  0  0  0  5  6  7  8  9 10 11 12 13 14 15 16 17 16 16 16]
 [ 0  0  0  0  5  6  7  8  9 10 11 12 13 14 15 16 17 18 17 17]
 [ 0  0  0  0  0  6  7  8  9 10 11 12 13 14 15 16 17 18 18 18]
 [ 0  0  0  0  0  0  7  8  9 10 11 12 13 14 15 16 17 18 19 19]
 [ 0  0  0  0  0  0  0  8  9 10 11 12 13 14 15 16 17 18 19 20]
 [ 0  0  0  0  0  0  0  8  9 10 11 12 13 14 15 16 17 18 19 20]
 [ 0  0  0  0  0  0  0  0  9 10 11 12 13 14 15 16 17 18 19 20]
 [ 0  0  0  0  0  0  0  0  0 10 11 12 13 14 15 16 17 18 19 20]
 [ 0  0  0  0  0  0  0  0  0  0  0  0  0 14 15 16 17 18 19 20]
 [ 0  0  0  0  0  0  0  0  0  0  0  0  0  0 15 16 17 18 19 20]
 [ 0  0  0  0  0  0  0  0  0  0  0  0  0  0  0  0 17 18 19 20]
 [ 0  0  0  0  0  0  0  0  0  0  0  0  0  0  0  0  0 18 19 20]
 [ 0  0  0  0  0  0  0  0  0  0  0  0  0  0  0  0  0  0 19 20]
 [ 0  0  0  0  0  0  0  0  0  0  0  0  0  0  0  0  0  0  0 20]]
lower_path [ 8  8  8  9  9 11 11 12 14 15 16 18 19 21 22 22 23 24 25 27]
upper_path [ 8  9  9 10 12 13 15 17 18 18 20 22 22 23 24 24 25 26 26 27]


longest_subsequence 20
lower [ 8  8  8  9  9 11 11 12 14 15 16 18 19 21 22 22 23 24 25 27]
upper [10 10 10 10 10 10 11 13 14 15 17 18 20 21 22 24 25 26 28 29]
subseq_len 18 start_row 9
graph (40, 20)
[[ 0  0  1  1  1  1  1  1  1  1  1  1  1  1  1  1  1  1  1  1]
 [ 1  1  1  1  1  2  2  2  2  2  2  2  2  2  2  2  2  2  2  2]
 [ 0  0  1  2  2  1  1  3  3  3  3  3  3  3  3  3  3  3  3  3]
 [ 1  1  1  1  3  3  2  1  4  4  4  4  4  4  4  4  4  4  4  4]
 [ 1  1  1  2  1  4  4  4  4  5  5  5  5  5  5  5  5  5  5  5]
 [ 1  1  1  1  1  4  5  5  1  5  6  6  6  6  6  6  6  6  6  6]
 [ 1  1  2  2  2  1  5  5  5  1  6  6  6  6  7  7  7  7  7  7]
 [ 1  1  1  1  1  3  1  6  6  6  1  7  7  7  7  8  8  8  8  8]
 [ 0  0  1  2  2  1  4  6  6  7  7  7  7  7  8  8  8  9  9  9]
 [ 1  1  1  1  1  3  1  1  7  7  8  1  8  8  8  9  9  9 10 10]
 [ 1  2  2  2  2  3  4  1  1  8  8  9  1  9  9  9 10 10 10 11]
 [ 1  2  3  4  5  5  5  5  6  1  1  9  9  9 10 10 10 11 11 11]
 [ 1  2  3  4  5  6  6  1  1  7  2  1 10  1 10 11 11 11 12 12]
 [ 1  2  3  4  5  6  6  6  6  1  8  8 10 10  1 11 11 12 12 12]
 [ 1  2  3  4  5  6  7  7  1  7  1  9  1 11 11  1 12 12 13 13]
 [ 1  2  3  4  5  6  7  7  7  1  8  9  9 11 12 12 12 13 13 13]
 [ 1  2  3  4  5  6  7  8  8  8  1  1 10  1 12 13  1 13 14 14]
 [ 1  2  3  4  5  6  7  8  9  9  9  9 10 10  1 13 13  1 14 14]
 [ 1  2  3  4  5  6  7  8  9 10 10  1  1 11 11  1 14 14  1 15]
 [ 1  2  3  4  5  6  7  8  9 10 11 11  1  1 12 12  1 15 15  1]
 [ 1  2  3  4  5  6  7  8  9 10 11 11 11 11  1  1 13  1  1 16]
 [ 1  2  3  4  5  6  7  8  9 10 11 12 12  1 12  2  1 14  1  1]
 [ 1  2  3  4  5  6  7  8  9 10 11 12 12 12  1  1 13  1 15  1]
 [ 0  2  3  4  5  6  7  8  9 10 11 12 13 13 13  2  1 14  1  1]
 [ 0  0  3  4  5  6  7  8  9 10 11 12 13 14 14 14 14  1 15 16]
 [ 0  0  0  4  5  6  7  8  9 10 11 12 13 14 15 16 15 15  1  1]
 [ 0  0  0  0  5  6  7  8  9 10 11 12 13 14 15 16 17 16 16 16]
 [ 0  0  0  0  5  6  7  8  9 10 11 12 13 14 15 16 17 18 17  1]
 [ 0  0  0  0  0  6  7  8  9 10 11 12 13 14 15 16 17 18 18 18]
 [ 0  0  0  0  0  0  7  8  9 10 11 12 13 14 15 16 17 18 19 19]
 [ 0  0  0  0  0  0  0  8  9 10 11 12 13 14 15 16 17 18 19 20]
 [ 0  0  0  0  0  0  0  8  9 10 11 12 13 14 15 16 17 18 19 20]
 [ 0  0  0  0  0  0  0  0  9 10 11 12 13 14 15 16 17 18 19 20]
 [ 0  0  0  0  0  0  0  0  0 10 11 12 13 14 15 16 17 18 19 20]
 [ 0  0  0  0  0  0  0  0  0  0  0  0  0 14 15 16 17 18 19 20]
 [ 0  0  0  0  0  0  0  0  0  0  0  0  0  0 15 16 17 18 19 20]
 [ 0  0  0  0  0  0  0  0  0  0  0  0  0  0  0  0 17 18 19 20]
 [ 0  0  0  0  0  0  0  0  0  0  0  0  0  0  0  0  0 18 19 20]
 [ 0  0  0  0  0  0  0  0  0  0  0  0  0  0  0  0  0  0 19 20]
 [ 0  0  0  0  0  0  0  0  0  0  0  0  0  0  0  0  0  0  0 20]]
lower_path [ 9  9  9 10 10 11 12 14 16 17 18 19 21 23 24 25 27 28 28 28]
upper_path [ 9  9  9 10 12 13 15 17 18 18 20 22 22 23 24 26 27 28 28 28]


longest_subsequence 20
lower [10 10 10 10 10 10 10 12 14 15 16 18 19 21 22 23 25 26 27 29]
upper [22 23 24 25 27 28 29 31 32 33 33 33 33 34 35 35 36 37 38 39]
subseq_len 19 start_row 15
graph (40, 20)
[[ 0  0  1  1  1  1  1  1  1  1  1  1  1  1  1  1  1  1  1  1]
 [ 1  1  1  1  1  2  2  2  2  2  2  2  2  2  2  2  2  2  2  2]
 [ 0  0  1  2  2  1  1  3  3  3  3  3  3  3  3  3  3  3  3  3]
 [ 1  1  1  1  3  3  2  1  4  4  4  4  4  4  4  4  4  4  4  4]
 [ 1  1  1  2  1  4  4  4  4  5  5  5  5  5  5  5  5  5  5  5]
 [ 1  1  1  1  1  4  5  5  1  5  6  6  6  6  6  6  6  6  6  6]
 [ 1  1  2  2  2  1  5  5  5  1  6  6  6  6  7  7  7  7  7  7]
 [ 1  1  1  1  1  3  1  6  6  6  1  7  7  7  7  8  8  8  8  8]
 [ 0  0  1  2  2  1  4  6  6  7  7  7  7  7  8  8  8  9  9  9]
 [ 1  1  1  1  1  3  1  1  7  7  8  1  8  8  8  9  9  9 10 10]
 [ 1  1  1  1  1  1  1  1  1  8  8  9  1  9  9  9 10 10 10 11]
 [ 1  1  2  2  2  2  2  5  6  1  1  9  9  9 10 10 10 11 11 11]
 [ 1  2  2  3  3  3  3  1  1  7  2  1 10  1 10 11 11 11 12 12]
 [ 1  2  3  3  4  4  4  4  6  1  8  8 10 10  1 11 11 12 12 12]
 [ 1  2  3  4  4  4  5  5  1  7  1  9  1 11 11  1 12 12 13 13]
 [ 1  2  3  4  5  5  5  5  5  1  8  9  9 11 12 12 12 13 13 13]
 [ 1  2  3  4  5  5  6  6  6  6  1  1 10  1 12 13  1 13 14 14]
 [ 1  2  3  4  5  6  6  6  6  7  7  9 10 10  1 13 13  1 14 14]
 [ 1  2  3  4  5  6  7  7  7  7  8  1  1 11 11  1 14 14  1 15]
 [ 1  2  3  4  5  6  7  8  8  8  8  9  1  1 12 12  1 15 15  1]
 [ 1  2  3  4  5  6  7  8  8  9  9  9  9 11  1  1 13  1  1 16]
 [ 1  2  3  4  5  6  7  8  9  9 10 10 10  1 12  2  1 14  1  1]
 [ 1  2  3  4  5  6  7  8  9 10 10 10 10 10  1  1 13  1 15  1]
 [ 0  2  3  4  5  6  7  8  9 10 11 11 11 11 11  1  1 14  1  1]
 [ 0  0  3  4  5  6  7  8  9 10 11 11 11 11 12 12 14  1 15 16]
 [ 0  0  0  4  5  6  7  8  9 10 11 12 12 12 12 13  1 15  1  1]
 [ 0  0  0  0  5  6  7  8  9 10 11 12 12 12 13 13 13  1 16 16]
 [ 0  0  0  0  5  6  7  8  9 10 11 12 13 13 13 14 14 14  1  1]
 [ 0  0  0  0  0  6  7  8  9 10 11 12 13 13 14 14 14 15 15 18]
 [ 0  0  0  0  0  0  7  8  9 10 11 12 13 14 14 15 15 15 16  1]
 [ 0  0  0  0  0  0  0  8  9 10 11 12 13 14 14 15 16 16 16 17]
 [ 0  0  0  0  0  0  0  8  9 10 11 12 13 14 15 15 16 17 17 17]
 [ 0  0  0  0  0  0  0  0  9 10 11 12 13 14 15 16 16 17 18 18]
 [ 0  0  0  0  0  0  0  0  0 10 11 12 13 14 15 16 16 17 18 18]
 [ 0  0  0  0  0  0  0  0  0  0  0  0  0 14 15 16 17 17 18 19]
 [ 0  0  0  0  0  0  0  0  0  0  0  0  0  0 15 16 17 18 18 19]
 [ 0  0  0  0  0  0  0  0  0  0  0  0  0  0  0  0 17 18 19 19]
 [ 0  0  0  0  0  0  0  0  0  0  0  0  0  0  0  0  0 18 19 19]
 [ 0  0  0  0  0  0  0  0  0  0  0  0  0  0  0  0  0  0 19 20]
 [ 0  0  0  0  0  0  0  0  0  0  0  0  0  0  0  0  0  0  0 20]]
lower_path [15 15 15 15 15 15 16 18 19 20 21 23 25 27 28 29 30 31 32 34]
upper_path [15 15 15 15 16 17 18 20 21 22 24 26 26 27 28 29 30 31 33 34]


longest_subsequence 20
lower [10 10 10 10 10 10 10 12 14 15 16 18 19 21 22 23 25 26 27 29]
upper [15 15 15 15 16 17 18 20 21 22 24 26 26 27 28 29 30 31 33 34]
subseq_len 17 start_row 12
graph (40, 20)
[[ 0  0  1  1  1  1  1  1  1  1  1  1  1  1  1  1  1  1  1  1]
 [ 1  1  1  1  1  2  2  2  2  2  2  2  2  2  2  2  2  2  2  2]
 [ 0  0  1  2  2  1  1  3  3  3  3  3  3  3  3  3  3  3  3  3]
 [ 1  1  1  1  3  3  2  1  4  4  4  4  4  4  4  4  4  4  4  4]
 [ 1  1  1  2  1  4  4  4  4  5  5  5  5  5  5  5  5  5  5  5]
 [ 1  1  1  1  1  4  5  5  1  5  6  6  6  6  6  6  6  6  6  6]
 [ 1  1  2  2  2  1  5  5  5  1  6  6  6  6  7  7  7  7  7  7]
 [ 1  1  1  1  1  3  1  6  6  6  1  7  7  7  7  8  8  8  8  8]
 [ 0  0  1  2  2  1  4  6  6  7  7  7  7  7  8  8  8  9  9  9]
 [ 1  1  1  1  1  3  1  1  7  7  8  1  8  8  8  9  9  9 10 10]
 [ 1  1  1  1  1  1  1  1  1  8  8  9  1  9  9  9 10 10 10 11]
 [ 1  1  2  2  2  2  2  5  6  1  1  9  9  9 10 10 10 11 11 11]
 [ 1  2  2  3  3  3  3  1  1  7  2  1 10  1 10 11 11 11 12 12]
 [ 1  2  3  3  4  4  4  4  6  1  8  8 10 10  1 11 11 12 12 12]
 [ 1  2  3  4  4  4  5  5  1  7  1  9  1 11 11  1 12 12 13 13]
 [ 1  2  3  4  5  5  5  5  5  1  8  9  9 11 12 12 12 13 13 13]
 [ 1  2  3  4  5  5  6  6  6  6  1  1 10  1 12 13  1 13 14 14]
 [ 1  2  3  4  5  6  6  6  6  7  7  9 10 10  1 13 13  1 14 14]
 [ 1  2  3  4  5  6  7  7  7  7  8  1  1 11 11  1 14 14  1 15]
 [ 1  2  3  4  5  6  7  8  8  8  8  9  1  1 12 12  1 15 15  1]
 [ 1  2  3  4  5  6  7  8  8  9  9  9  9 11  1  1 13  1  1 16]
 [ 1  2  3  4  5  6  7  8  9  9 10 10 10  1 12  2  1 14  1  1]
 [ 1  2  3  4  5  6  7  8  9 10 10 10 10 10  1  1 13  1 15  1]
 [ 0  2  3  4  5  6  7  8  9 10 11 11 11 11 11  1  1 14  1  1]
 [ 0  0  3  4  5  6  7  8  9 10 11 11 11 11 12 12 14  1 15 16]
 [ 0  0  0  4  5  6  7  8  9 10 11 12 12 12 12 13  1 15  1  1]
 [ 0  0  0  0  5  6  7  8  9 10 11 12 12 12 13 13 13  1 16 16]
 [ 0  0  0  0  5  6  7  8  9 10 11 12 13 13 13 14 14 14  1  1]
 [ 0  0  0  0  0  6  7  8  9 10 11 12 13 13 14 14 14 15 15 18]
 [ 0  0  0  0  0  0  7  8  9 10 11 12 13 14 14 15 15 15 16  1]
 [ 0  0  0  0  0  0  0  8  9 10 11 12 13 14 14 15 16 16 16 17]
 [ 0  0  0  0  0  0  0  8  9 10 11 12 13 14 15 15 16 17 17 17]
 [ 0  0  0  0  0  0  0  0  9 10 11 12 13 14 15 16 16 17 18 18]
 [ 0  0  0  0  0  0  0  0  0 10 11 12 13 14 15 16 16 17 18 18]
 [ 0  0  0  0  0  0  0  0  0  0  0  0  0 14 15 16 17 17 18 19]
 [ 0  0  0  0  0  0  0  0  0  0  0  0  0  0 15 16 17 18 18 19]
 [ 0  0  0  0  0  0  0  0  0  0  0  0  0  0  0  0 17 18 19 19]
 [ 0  0  0  0  0  0  0  0  0  0  0  0  0  0  0  0  0 18 19 19]
 [ 0  0  0  0  0  0  0  0  0  0  0  0  0  0  0  0  0  0 19 20]
 [ 0  0  0  0  0  0  0  0  0  0  0  0  0  0  0  0  0  0  0 20]]
lower_path [12 12 12 12 12 13 13 14 16 17 18 19 21 23 24 25 27 28 29 30]
upper_path [12 12 13 14 16 17 18 20 21 22 24 26 26 27 28 29 30 31 31 31]


longest_subsequence 20
lower [10 10 10 10 10 10 10 12 14 15 16 18 19 21 22 23 25 26 27 29]
upper [12 12 13 14 16 17 18 20 21 22 24 26 26 27 28 29 30 31 31 31]
subseq_len 17 start_row 11
graph (40, 20)
[[ 0  0  1  1  1  1  1  1  1  1  1  1  1  1  1  1  1  1  1  1]
 [ 1  1  1  1  1  2  2  2  2  2  2  2  2  2  2  2  2  2  2  2]
 [ 0  0  1  2  2  1  1  3  3  3  3  3  3  3  3  3  3  3  3  3]
 [ 1  1  1  1  3  3  2  1  4  4  4  4  4  4  4  4  4  4  4  4]
 [ 1  1  1  2  1  4  4  4  4  5  5  5  5  5  5  5  5  5  5  5]
 [ 1  1  1  1  1  4  5  5  1  5  6  6  6  6  6  6  6  6  6  6]
 [ 1  1  2  2  2  1  5  5  5  1  6  6  6  6  7  7  7  7  7  7]
 [ 1  1  1  1  1  3  1  6  6  6  1  7  7  7  7  8  8  8  8  8]
 [ 0  0  1  2  2  1  4  6  6  7  7  7  7  7  8  8  8  9  9  9]
 [ 1  1  1  1  1  3  1  1  7  7  8  1  8  8  8  9  9  9 10 10]
 [ 1  1  1  1  1  1  1  1  1  8  8  9  1  9  9  9 10 10 10 11]
 [ 1  1  2  2  2  2  2  5  6  1  1  9  9  9 10 10 10 11 11 11]
 [ 1  2  2  3  3  3  3  1  1  7  2  1 10  1 10 11 11 11 12 12]
 [ 1  2  3  3  4  4  4  4  6  1  8  8 10 10  1 11 11 12 12 12]
 [ 1  2  3  4  4  4  5  5  1  7  1  9  1 11 11  1 12 12 13 13]
 [ 1  2  3  4  5  5  5  5  5  1  8  9  9 11 12 12 12 13 13 13]
 [ 1  2  3  4  5  5  6  6  6  6  1  1 10  1 12 13  1 13 14 14]
 [ 1  2  3  4  5  6  6  6  6  7  7  9 10 10  1 13 13  1 14 14]
 [ 1  2  3  4  5  6  7  7  7  7  8  1  1 11 11  1 14 14  1 15]
 [ 1  2  3  4  5  6  7  8  8  8  8  9  1  1 12 12  1 15 15  1]
 [ 1  2  3  4  5  6  7  8  8  9  9  9  9 11  1  1 13  1  1 16]
 [ 1  2  3  4  5  6  7  8  9  9 10 10 10  1 12  2  1 14  1  1]
 [ 1  2  3  4  5  6  7  8  9 10 10 10 10 10  1  1 13  1 15  1]
 [ 0  2  3  4  5  6  7  8  9 10 11 11 11 11 11  1  1 14  1  1]
 [ 0  0  3  4  5  6  7  8  9 10 11 11 11 11 12 12 14  1 15 16]
 [ 0  0  0  4  5  6  7  8  9 10 11 12 12 12 12 13  1 15  1  1]
 [ 0  0  0  0  5  6  7  8  9 10 11 12 12 12 13 13 13  1 16 16]
 [ 0  0  0  0  5  6  7  8  9 10 11 12 13 13 13 14 14 14  1  1]
 [ 0  0  0  0  0  6  7  8  9 10 11 12 13 13 14 14 14 15 15 18]
 [ 0  0  0  0  0  0  7  8  9 10 11 12 13 14 14 15 15 15 16  1]
 [ 0  0  0  0  0  0  0  8  9 10 11 12 13 14 14 15 16 16 16 17]
 [ 0  0  0  0  0  0  0  8  9 10 11 12 13 14 15 15 16 17 17 17]
 [ 0  0  0  0  0  0  0  0  9 10 11 12 13 14 15 16 16 17 18 18]
 [ 0  0  0  0  0  0  0  0  0 10 11 12 13 14 15 16 16 17 18 18]
 [ 0  0  0  0  0  0  0  0  0  0  0  0  0 14 15 16 17 17 18 19]
 [ 0  0  0  0  0  0  0  0  0  0  0  0  0  0 15 16 17 18 18 19]
 [ 0  0  0  0  0  0  0  0  0  0  0  0  0  0  0  0 17 18 19 19]
 [ 0  0  0  0  0  0  0  0  0  0  0  0  0  0  0  0  0 18 19 19]
 [ 0  0  0  0  0  0  0  0  0  0  0  0  0  0  0  0  0  0 19 20]
 [ 0  0  0  0  0  0  0  0  0  0  0  0  0  0  0  0  0  0  0 20]]
lower_path [11 11 11 12 12 13 13 14 16 17 18 19 21 23 24 25 27 28 29 30]
upper_path [11 12 13 14 16 17 18 20 21 22 24 24 24 25 26 26 27 28 29 30]


longest_subsequence 20
lower [12 12 12 12 12 13 13 14 16 17 18 19 21 23 24 25 27 28 29 30]
upper [15 15 15 15 16 17 18 20 21 22 24 26 26 27 28 29 30 31 33 34]
subseq_len 17 start_row 13
graph (40, 20)
[[ 0  0  1  1  1  1  1  1  1  1  1  1  1  1  1  1  1  1  1  1]
 [ 1  1  1  1  1  2  2  2  2  2  2  2  2  2  2  2  2  2  2  2]
 [ 0  0  1  2  2  1  1  3  3  3  3  3  3  3  3  3  3  3  3  3]
 [ 1  1  1  1  3  3  2  1  4  4  4  4  4  4  4  4  4  4  4  4]
 [ 1  1  1  2  1  4  4  4  4  5  5  5  5  5  5  5  5  5  5  5]
 [ 1  1  1  1  1  4  5  5  1  5  6  6  6  6  6  6  6  6  6  6]
 [ 1  1  2  2  2  1  5  5  5  1  6  6  6  6  7  7  7  7  7  7]
 [ 1  1  1  1  1  3  1  6  6  6  1  7  7  7  7  8  8  8  8  8]
 [ 0  0  1  2  2  1  4  6  6  7  7  7  7  7  8  8  8  9  9  9]
 [ 1  1  1  1  1  3  1  1  7  7  8  1  8  8  8  9  9  9 10 10]
 [ 1  1  1  1  1  1  1  1  1  8  8  9  1  9  9  9 10 10 10 11]
 [ 1  1  2  2  2  2  2  5  6  1  1  9  9  9 10 10 10 11 11 11]
 [ 1  1  1  1  1  3  3  1  1  7  2  1 10  1 10 11 11 11 12 12]
 [ 1  1  2  2  2  1  1  4  6  1  8  8 10 10  1 11 11 12 12 12]
 [ 1  2  2  3  3  3  2  1  1  7  1  9  1 11 11  1 12 12 13 13]
 [ 1  2  3  3  4  4  4  4  5  1  8  9  9 11 12 12 12 13 13 13]
 [ 1  2  3  4  4  4  5  5  1  6  1  1 10  1 12 13  1 13 14 14]
 [ 1  2  3  4  5  5  5  5  5  1  7  9 10 10  1 13 13  1 14 14]
 [ 1  2  3  4  5  6  6  6  6  6  1  1  1 11 11  1 14 14  1 15]
 [ 1  2  3  4  5  6  7  7  7  7  7  1  1  1 12 12  1 15 15  1]
 [ 1  2  3  4  5  6  7  7  7  8  8  8  9 11  1  1 13  1  1 16]
 [ 1  2  3  4  5  6  7  8  8  8  9  9  1  1 12  2  1 14  1  1]
 [ 1  2  3  4  5  6  7  8  9  9  9  9  9 10  1  1 13  1 15  1]
 [ 0  2  3  4  5  6  7  8  9 10 10 10 10  1 11  1  1 14  1  1]
 [ 0  0  3  4  5  6  7  8  9 10 10 10 10 10  1 12 14  1 15 16]
 [ 0  0  0  4  5  6  7  8  9 10 11 11 11 11 11  1  1 15  1  1]
 [ 0  0  0  0  5  6  7  8  9 10 11 11 11 11 12 12 13  1 16 16]
 [ 0  0  0  0  5  6  7  8  9 10 11 12 13 12 12 13  1 14  1  1]
 [ 0  0  0  0  0  6  7  8  9 10 11 12 13 13 13 13 13  1 15 18]
 [ 0  0  0  0  0  0  7  8  9 10 11 12 13 14 14 14 14 14  1  1]
 [ 0  0  0  0  0  0  0  8  9 10 11 12 13 14 14 15 15 15 15  1]
 [ 0  0  0  0  0  0  0  8  9 10 11 12 13 14 15 15 16 16 16 16]
 [ 0  0  0  0  0  0  0  0  9 10 11 12 13 14 15 16 16 17 17 17]
 [ 0  0  0  0  0  0  0  0  0 10 11 12 13 14 15 16 16 17 17 17]
 [ 0  0  0  0  0  0  0  0  0  0  0  0  0 14 15 16 17 17 18 18]
 [ 0  0  0  0  0  0  0  0  0  0  0  0  0  0 15 16 17 18 18 19]
 [ 0  0  0  0  0  0  0  0  0  0  0  0  0  0  0  0 17 18 19 19]
 [ 0  0  0  0  0  0  0  0  0  0  0  0  0  0  0  0  0 18 19 19]
 [ 0  0  0  0  0  0  0  0  0  0  0  0  0  0  0  0  0  0 19 20]
 [ 0  0  0  0  0  0  0  0  0  0  0  0  0  0  0  0  0  0  0 20]]
lower_path [13 13 13 14 14 15 16 18 19 20 21 23 25 27 28 29 30 31 31 32]
upper_path [13 14 15 16 18 18 20 22 23 24 26 26 26 27 28 29 30 31 31 32]


longest_subsequence 20
lower [13 13 13 14 14 15 16 18 19 20 21 23 25 27 28 29 30 31 31 32]
upper [15 15 15 15 16 17 18 20 21 22 24 26 26 27 28 29 30 31 33 34]
subseq_len 17 start_row 14
graph (40, 20)
[[ 0  0  1  1  1  1  1  1  1  1  1  1  1  1  1  1  1  1  1  1]
 [ 1  1  1  1  1  2  2  2  2  2  2  2  2  2  2  2  2  2  2  2]
 [ 0  0  1  2  2  1  1  3  3  3  3  3  3  3  3  3  3  3  3  3]
 [ 1  1  1  1  3  3  2  1  4  4  4  4  4  4  4  4  4  4  4  4]
 [ 1  1  1  2  1  4  4  4  4  5  5  5  5  5  5  5  5  5  5  5]
 [ 1  1  1  1  1  4  5  5  1  5  6  6  6  6  6  6  6  6  6  6]
 [ 1  1  2  2  2  1  5  5  5  1  6  6  6  6  7  7  7  7  7  7]
 [ 1  1  1  1  1  3  1  6  6  6  1  7  7  7  7  8  8  8  8  8]
 [ 0  0  1  2  2  1  4  6  6  7  7  7  7  7  8  8  8  9  9  9]
 [ 1  1  1  1  1  3  1  1  7  7  8  1  8  8  8  9  9  9 10 10]
 [ 1  1  1  1  1  1  1  1  1  8  8  9  1  9  9  9 10 10 10 11]
 [ 1  1  2  2  2  2  2  5  6  1  1  9  9  9 10 10 10 11 11 11]
 [ 1  1  1  1  1  3  3  1  1  7  2  1 10  1 10 11 11 11 12 12]
 [ 0  0  1  2  2  1  1  4  6  1  8  8 10 10  1 11 11 12 12 12]
 [ 1  1  1  1  1  3  2  1  1  7  1  9  1 11 11  1 12 12 13 13]
 [ 1  1  2  2  2  1  4  4  5  1  8  9  9 11 12 12 12 13 13 13]
 [ 1  2  3  4  4  4  1  5  1  6  1  1 10  1 12 13  1 13 14 14]
 [ 1  2  3  4  5  5  5  5  5  1  7  9 10 10  1 13 13  1 14 14]
 [ 1  2  3  4  5  6  6  1  6  6  1  1  1 11 11  1 14 14  1 15]
 [ 1  2  3  4  5  6  7  7  1  7  7  1  1  1 12 12  1 15 15  1]
 [ 1  2  3  4  5  6  7  7  7  1  8  8  9 11  1  1 13  1  1 16]
 [ 1  2  3  4  5  6  7  8  8  8  1  9  1  1 12  2  1 14  1  1]
 [ 1  2  3  4  5  6  7  8  9  9  9  9  9 10  1  1 13  1 15  1]
 [ 0  2  3  4  5  6  7  8  9 10 10  1 10  1 11  1  1 14  1  1]
 [ 0  0  3  4  5  6  7  8  9 10 10 10 10 10  1 12 14  1 15 16]
 [ 0  0  0  4  5  6  7  8  9 10 11 11  1 11 11  1  1 15  1  1]
 [ 0  0  0  0  5  6  7  8  9 10 11 11 11 11 12 12 13  1 16 16]
 [ 0  0  0  0  5  6  7  8  9 10 11 12 13  1 12 13  1 14  1  1]
 [ 0  0  0  0  0  6  7  8  9 10 11 12 13 13  1 13 13  1 15 18]
 [ 0  0  0  0  0  0  7  8  9 10 11 12 13 14 14  1 14 14  1  1]
 [ 0  0  0  0  0  0  0  8  9 10 11 12 13 14 14 15  1 15 15  1]
 [ 0  0  0  0  0  0  0  8  9 10 11 12 13 14 15 15 16  1  1 16]
 [ 0  0  0  0  0  0  0  0  9 10 11 12 13 14 15 16 16 17  2  1]
 [ 0  0  0  0  0  0  0  0  0 10 11 12 13 14 15 16 16 17 17 17]
 [ 0  0  0  0  0  0  0  0  0  0  0  0  0 14 15 16 17 17 18 18]
 [ 0  0  0  0  0  0  0  0  0  0  0  0  0  0 15 16 17 18 18 19]
 [ 0  0  0  0  0  0  0  0  0  0  0  0  0  0  0  0 17 18 19 19]
 [ 0  0  0  0  0  0  0  0  0  0  0  0  0  0  0  0  0 18 19 19]
 [ 0  0  0  0  0  0  0  0  0  0  0  0  0  0  0  0  0  0 19 20]
 [ 0  0  0  0  0  0  0  0  0  0  0  0  0  0  0  0  0  0  0 20]]
lower_path [14 14 15 16 16 17 18 19 21 22 23 25 27 29 29 30 32 33 33 33]
upper_path [14 14 15 16 18 18 20 22 23 24 26 28 29 30 31 31 32 33 33 33]


longest_subsequence 20
lower [15 15 15 15 15 15 16 18 19 20 21 23 25 27 28 29 30 31 32 34]
upper [22 23 24 25 27 28 29 31 32 33 33 33 33 34 35 35 36 37 38 39]
subseq_len 16 start_row 17
graph (40, 20)
[[ 0  0  1  1  1  1  1  1  1  1  1  1  1  1  1  1  1  1  1  1]
 [ 1  1  1  1  1  2  2  2  2  2  2  2  2  2  2  2  2  2  2  2]
 [ 0  0  1  2  2  1  1  3  3  3  3  3  3  3  3  3  3  3  3  3]
 [ 1  1  1  1  3  3  2  1  4  4  4  4  4  4  4  4  4  4  4  4]
 [ 1  1  1  2  1  4  4  4  4  5  5  5  5  5  5  5  5  5  5  5]
 [ 1  1  1  1  1  4  5  5  1  5  6  6  6  6  6  6  6  6  6  6]
 [ 1  1  2  2  2  1  5  5  5  1  6  6  6  6  7  7  7  7  7  7]
 [ 1  1  1  1  1  3  1  6  6  6  1  7  7  7  7  8  8  8  8  8]
 [ 0  0  1  2  2  1  4  6  6  7  7  7  7  7  8  8  8  9  9  9]
 [ 1  1  1  1  1  3  1  1  7  7  8  1  8  8  8  9  9  9 10 10]
 [ 1  1  1  1  1  1  1  1  1  8  8  9  1  9  9  9 10 10 10 11]
 [ 1  1  2  2  2  2  2  5  6  1  1  9  9  9 10 10 10 11 11 11]
 [ 1  1  1  1  1  3  3  1  1  7  2  1 10  1 10 11 11 11 12 12]
 [ 0  0  1  2  2  1  1  4  6  1  8  8 10 10  1 11 11 12 12 12]
 [ 1  1  1  1  1  3  2  1  1  7  1  9  1 11 11  1 12 12 13 13]
 [ 0  0  1  1  1  1  4  4  5  1  8  9  9 11 12 12 12 13 13 13]
 [ 1  1  1  2  2  2  1  5  1  6  1  1 10  1 12 13  1 13 14 14]
 [ 1  1  2  2  3  3  3  5  5  1  7  9 10 10  1 13 13  1 14 14]
 [ 1  2  2  3  3  3  4  1  6  6  1  1  1 11 11  1 14 14  1 15]
 [ 1  2  2  3  3  3  4  5  1  7  7  1  1  1 12 12  1 15 15  1]
 [ 1  2  3  3  4  4  4  5  5  1  8  8  9 11  1  1 13  1  1 16]
 [ 1  2  3  4  4  4  5  5  6  6  1  9  1  1 12  2  1 14  1  1]
 [ 1  2  3  4  5  5  5  5  6  7  7  9  9 10  1  1 13  1 15  1]
 [ 0  2  3  4  5  5  6  6  6  7  8  1 10  1 11  1  1 14  1  1]
 [ 0  0  3  4  5  6  6  6  6  7  8  8 10 10  1 12 14  1 15 16]
 [ 0  0  0  4  5  6  7  7  7  7  8  9  1 11 11  1  1 15  1  1]
 [ 0  0  0  0  5  6  7  7  7  8  8  9  9 11 12 12 13  1 16 16]
 [ 0  0  0  0  5  6  7  8  8  8  9  9 10  1 12 13  1 14  1  1]
 [ 0  0  0  0  0  6  7  8  8  9  9  9 10 10  1 13 13  1 15 18]
 [ 0  0  0  0  0  0  7  8  9  9 10 10 10 11 11  1 14 14  1  1]
 [ 0  0  0  0  0  0  0  8  9  9 10 11 11 11 11 12  1 15 15  1]
 [ 0  0  0  0  0  0  0  8  9 10 10 11 11 11 12 12 12  1  1 16]
 [ 0  0  0  0  0  0  0  0  9 10 11 11 12 12 12 13 13 13  1  1]
 [ 0  0  0  0  0  0  0  0  0 10 11 11 12 12 13 13 13 14 14 17]
 [ 0  0  0  0  0  0  0  0  0  0  0  0  0 13 13 14 14 14 15  1]
 [ 0  0  0  0  0  0  0  0  0  0  0  0  0  0 14 14 14 15 15 15]
 [ 0  0  0  0  0  0  0  0  0  0  0  0  0  0  0  0 15 15 16 16]
 [ 0  0  0  0  0  0  0  0  0  0  0  0  0  0  0  0  0 16 16 16]
 [ 0  0  0  0  0  0  0  0  0  0  0  0  0  0  0  0  0  0 17 17]
 [ 0  0  0  0  0  0  0  0  0  0  0  0  0  0  0  0  0  0  0 18]]
lower_path [17 17 17 17 17 17 18 19 21 22 23 25 27 29 29 30 32 33 34 36]
upper_path [18 19 20 21 23 24 26 26 27 28 29 31 31 32 33 33 34 35 35 36]


longest_subsequence 20
lower [15 15 15 15 15 15 16 18 19 20 21 23 25 27 28 29 30 31 32 34]
upper [18 19 20 21 23 24 26 26 27 28 29 31 31 32 33 33 34 35 35 36]
subseq_len 15 start_row 16
graph (40, 20)
[[ 0  0  1  1  1  1  1  1  1  1  1  1  1  1  1  1  1  1  1  1]
 [ 1  1  1  1  1  2  2  2  2  2  2  2  2  2  2  2  2  2  2  2]
 [ 0  0  1  2  2  1  1  3  3  3  3  3  3  3  3  3  3  3  3  3]
 [ 1  1  1  1  3  3  2  1  4  4  4  4  4  4  4  4  4  4  4  4]
 [ 1  1  1  2  1  4  4  4  4  5  5  5  5  5  5  5  5  5  5  5]
 [ 1  1  1  1  1  4  5  5  1  5  6  6  6  6  6  6  6  6  6  6]
 [ 1  1  2  2  2  1  5  5  5  1  6  6  6  6  7  7  7  7  7  7]
 [ 1  1  1  1  1  3  1  6  6  6  1  7  7  7  7  8  8  8  8  8]
 [ 0  0  1  2  2  1  4  6  6  7  7  7  7  7  8  8  8  9  9  9]
 [ 1  1  1  1  1  3  1  1  7  7  8  1  8  8  8  9  9  9 10 10]
 [ 1  1  1  1  1  1  1  1  1  8  8  9  1  9  9  9 10 10 10 11]
 [ 1  1  2  2  2  2  2  5  6  1  1  9  9  9 10 10 10 11 11 11]
 [ 1  1  1  1  1  3  3  1  1  7  2  1 10  1 10 11 11 11 12 12]
 [ 0  0  1  2  2  1  1  4  6  1  8  8 10 10  1 11 11 12 12 12]
 [ 1  1  1  1  1  3  2  1  1  7  1  9  1 11 11  1 12 12 13 13]
 [ 0  0  1  1  1  1  4  4  5  1  8  9  9 11 12 12 12 13 13 13]
 [ 1  1  1  2  2  2  1  5  1  6  1  1 10  1 12 13  1 13 14 14]
 [ 1  1  2  2  3  3  3  5  5  1  7  9 10 10  1 13 13  1 14 14]
 [ 1  2  2  3  3  3  4  1  6  6  1  1  1 11 11  1 14 14  1 15]
 [ 1  2  2  3  3  3  4  5  1  7  7  1  1  1 12 12  1 15 15  1]
 [ 1  2  3  3  4  4  4  5  5  1  8  8  9 11  1  1 13  1  1 16]
 [ 1  2  3  4  4  4  5  5  6  6  1  9  1  1 12  2  1 14  1  1]
 [ 1  2  3  4  5  5  5  5  6  7  7  9  9 10  1  1 13  1 15  1]
 [ 0  2  3  4  5  5  6  6  6  7  8  1 10  1 11  1  1 14  1  1]
 [ 0  0  3  4  5  6  6  6  6  7  8  8 10 10  1 12 14  1 15 16]
 [ 0  0  0  4  5  6  7  7  7  7  8  9  1 11 11  1  1 15  1  1]
 [ 0  0  0  0  5  6  7  7  7  8  8  9  9 11 12 12 13  1 16 16]
 [ 0  0  0  0  5  6  7  8  8  8  9  9 10  1 12 13  1 14  1  1]
 [ 0  0  0  0  0  6  7  8  8  9  9  9 10 10  1 13 13  1 15 18]
 [ 0  0  0  0  0  0  7  8  9  9 10 10 10 11 11  1 14 14  1  1]
 [ 0  0  0  0  0  0  0  8  9  9 10 11 11 11 11 12  1 15 15  1]
 [ 0  0  0  0  0  0  0  8  9 10 10 11 11 11 12 12 12  1  1 16]
 [ 0  0  0  0  0  0  0  0  9 10 11 11 12 12 12 13 13 13  1  1]
 [ 0  0  0  0  0  0  0  0  0 10 11 11 12 12 13 13 13 14 14 17]
 [ 0  0  0  0  0  0  0  0  0  0  0  0  0 13 13 14 14 14 15  1]
 [ 0  0  0  0  0  0  0  0  0  0  0  0  0  0 14 14 14 15 15 15]
 [ 0  0  0  0  0  0  0  0  0  0  0  0  0  0  0  0 15 15 16 16]
 [ 0  0  0  0  0  0  0  0  0  0  0  0  0  0  0  0  0 16 16 16]
 [ 0  0  0  0  0  0  0  0  0  0  0  0  0  0  0  0  0  0 17 17]
 [ 0  0  0  0  0  0  0  0  0  0  0  0  0  0  0  0  0  0  0 18]]
lower_path [16 16 16 16 16 17 18 19 21 22 23 25 27 29 29 30 32 33 34 35]
upper_path [18 19 20 21 23 24 26 26 27 28 29 31 31 32 33 33 34 35 35 35]


longest_subsequence 20
lower [17 17 17 17 17 17 18 19 21 22 23 25 27 29 29 30 32 33 34 36]
upper [22 23 24 25 27 28 29 31 32 33 33 33 33 34 35 35 36 37 38 39]
subseq_len 16 start_row 18
graph (40, 20)
[[ 0  0  1  1  1  1  1  1  1  1  1  1  1  1  1  1  1  1  1  1]
 [ 1  1  1  1  1  2  2  2  2  2  2  2  2  2  2  2  2  2  2  2]
 [ 0  0  1  2  2  1  1  3  3  3  3  3  3  3  3  3  3  3  3  3]
 [ 1  1  1  1  3  3  2  1  4  4  4  4  4  4  4  4  4  4  4  4]
 [ 1  1  1  2  1  4  4  4  4  5  5  5  5  5  5  5  5  5  5  5]
 [ 1  1  1  1  1  4  5  5  1  5  6  6  6  6  6  6  6  6  6  6]
 [ 1  1  2  2  2  1  5  5  5  1  6  6  6  6  7  7  7  7  7  7]
 [ 1  1  1  1  1  3  1  6  6  6  1  7  7  7  7  8  8  8  8  8]
 [ 0  0  1  2  2  1  4  6  6  7  7  7  7  7  8  8  8  9  9  9]
 [ 1  1  1  1  1  3  1  1  7  7  8  1  8  8  8  9  9  9 10 10]
 [ 1  1  1  1  1  1  1  1  1  8  8  9  1  9  9  9 10 10 10 11]
 [ 1  1  2  2  2  2  2  5  6  1  1  9  9  9 10 10 10 11 11 11]
 [ 1  1  1  1  1  3  3  1  1  7  2  1 10  1 10 11 11 11 12 12]
 [ 0  0  1  2  2  1  1  4  6  1  8  8 10 10  1 11 11 12 12 12]
 [ 1  1  1  1  1  3  2  1  1  7  1  9  1 11 11  1 12 12 13 13]
 [ 0  0  1  1  1  1  4  4  5  1  8  9  9 11 12 12 12 13 13 13]
 [ 1  1  1  2  2  2  1  5  1  6  1  1 10  1 12 13  1 13 14 14]
 [ 0  0  1  1  1  1  3  5  5  1  7  9 10 10  1 13 13  1 14 14]
 [ 1  1  1  2  2  2  1  1  6  6  1  1  1 11 11  1 14 14  1 15]
 [ 1  2  2  2  2  2  3  1  1  7  7  1  1  1 12 12  1 15 15  1]
 [ 1  2  3  3  3  3  3  3  5  1  8  8  9 11  1  1 13  1  1 16]
 [ 1  2  3  4  4  4  4  4  1  6  1  9  1  1 12  2  1 14  1  1]
 [ 1  2  3  4  5  5  5  5  5  1  7  9  9 10  1  1 13  1 15  1]
 [ 0  2  3  4  5  5  6  6  6  6  1  1 10  1 11  1  1 14  1  1]
 [ 0  0  3  4  5  6  6  6  6  7  7  8 10 10  1 12 14  1 15 16]
 [ 0  0  0  4  5  6  7  7  7  7  8  1  1 11 11  1  1 15  1  1]
 [ 0  0  0  0  5  6  7  7  7  8  8  8  9 11 12 12 13  1 16 16]
 [ 0  0  0  0  5  6  7  8  8  8  9  9  1  1 12 13  1 14  1  1]
 [ 0  0  0  0  0  6  7  8  8  9  9  9  9 10  1 13 13  1 15 18]
 [ 0  0  0  0  0  0  7  8  9  9 10 10 10  1  1  1 14 14  1  1]
 [ 0  0  0  0  0  0  0  8  9  9 10 11 11 11 11  1  1 15 15  1]
 [ 0  0  0  0  0  0  0  8  9 10 10 11 11 11 12 12 12  1  1 16]
 [ 0  0  0  0  0  0  0  0  9 10 11 11 12 12 12 13  1 13  1  1]
 [ 0  0  0  0  0  0  0  0  0 10 11 11 12 12 13 13 13  1 14 17]
 [ 0  0  0  0  0  0  0  0  0  0  0  0  0 13 13 14 14 14  1  1]
 [ 0  0  0  0  0  0  0  0  0  0  0  0  0  0 14 14 14 15 15 15]
 [ 0  0  0  0  0  0  0  0  0  0  0  0  0  0  0  0 15 15 16  1]
 [ 0  0  0  0  0  0  0  0  0  0  0  0  0  0  0  0  0 16 16 16]
 [ 0  0  0  0  0  0  0  0  0  0  0  0  0  0  0  0  0  0 17 17]
 [ 0  0  0  0  0  0  0  0  0  0  0  0  0  0  0  0  0  0  0 18]]
lower_path [18 19 20 21 21 22 22 22 23 24 25 27 29 30 31 32 34 35 36 37]
upper_path [18 19 20 21 23 24 26 26 27 28 29 31 33 34 35 35 36 37 37 37]


longest_subsequence 20
lower [18 19 20 21 21 22 22 22 23 24 25 27 29 30 31 32 34 35 36 37]
upper [22 23 24 25 27 28 29 31 32 33 33 33 33 34 35 35 36 37 38 39]
subseq_len 16 start_row 19
graph (40, 20)
[[ 0  0  1  1  1  1  1  1  1  1  1  1  1  1  1  1  1  1  1  1]
 [ 1  1  1  1  1  2  2  2  2  2  2  2  2  2  2  2  2  2  2  2]
 [ 0  0  1  2  2  1  1  3  3  3  3  3  3  3  3  3  3  3  3  3]
 [ 1  1  1  1  3  3  2  1  4  4  4  4  4  4  4  4  4  4  4  4]
 [ 1  1  1  2  1  4  4  4  4  5  5  5  5  5  5  5  5  5  5  5]
 [ 1  1  1  1  1  4  5  5  1  5  6  6  6  6  6  6  6  6  6  6]
 [ 1  1  2  2  2  1  5  5  5  1  6  6  6  6  7  7  7  7  7  7]
 [ 1  1  1  1  1  3  1  6  6  6  1  7  7  7  7  8  8  8  8  8]
 [ 0  0  1  2  2  1  4  6  6  7  7  7  7  7  8  8  8  9  9  9]
 [ 1  1  1  1  1  3  1  1  7  7  8  1  8  8  8  9  9  9 10 10]
 [ 1  1  1  1  1  1  1  1  1  8  8  9  1  9  9  9 10 10 10 11]
 [ 1  1  2  2  2  2  2  5  6  1  1  9  9  9 10 10 10 11 11 11]
 [ 1  1  1  1  1  3  3  1  1  7  2  1 10  1 10 11 11 11 12 12]
 [ 0  0  1  2  2  1  1  4  6  1  8  8 10 10  1 11 11 12 12 12]
 [ 1  1  1  1  1  3  2  1  1  7  1  9  1 11 11  1 12 12 13 13]
 [ 0  0  1  1  1  1  4  4  5  1  8  9  9 11 12 12 12 13 13 13]
 [ 1  1  1  2  2  2  1  5  1  6  1  1 10  1 12 13  1 13 14 14]
 [ 0  0  1  1  1  1  3  5  5  1  7  9 10 10  1 13 13  1 14 14]
 [ 1  1  1  2  2  2  1  1  6  6  1  1  1 11 11  1 14 14  1 15]
 [ 1  1  2  2  2  2  3  1  1  7  7  1  1  1 12 12  1 15 15  1]
 [ 1  1  1  3  3  3  3  3  5  1  8  8  9 11  1  1 13  1  1 16]
 [ 1  2  2  1  1  4  4  4  1  6  1  9  1  1 12  2  1 14  1  1]
 [ 1  2  3  3  2  1  1  1  5  1  7  9  9 10  1  1 13  1 15  1]
 [ 0  2  3  4  4  4  2  2  1  6  1  1 10  1 11  1  1 14  1  1]
 [ 0  0  3  4  5  5  5  5  5  1  7  8 10 10  1 12 14  1 15 16]
 [ 0  0  0  4  5  5  6  6  6  6  1  1  1 11 11  1  1 15  1  1]
 [ 0  0  0  0  5  6  6  6  6  7  7  8  9 11 12 12 13  1 16 16]
 [ 0  0  0  0  5  6  7  7  7  7  8  1  1  1 12 13  1 14  1  1]
 [ 0  0  0  0  0  6  7  7  7  8  8  8  9 10  1 13 13  1 15 18]
 [ 0  0  0  0  0  0  7  8  8  8  9  9  1  1  1  1 14 14  1  1]
 [ 0  0  0  0  0  0  0  8  9  9  9 10 10  1 11  1  1 15 15  1]
 [ 0  0  0  0  0  0  0  8  9 10 10 10 10 10  1 12 12  1  1 16]
 [ 0  0  0  0  0  0  0  0  9 10 11 11 11 11 11  1  1 13  1  1]
 [ 0  0  0  0  0  0  0  0  0 10 11 11 11 11 12 12 13  1 14 17]
 [ 0  0  0  0  0  0  0  0  0  0  0  0  0 12 12 13  1 14  1  1]
 [ 0  0  0  0  0  0  0  0  0  0  0  0  0  0 13 13 13  1 15 15]
 [ 0  0  0  0  0  0  0  0  0  0  0  0  0  0  0  0 14 14  1  1]
 [ 0  0  0  0  0  0  0  0  0  0  0  0  0  0  0  0  0 15 15 15]
 [ 0  0  0  0  0  0  0  0  0  0  0  0  0  0  0  0  0  0 16 16]
 [ 0  0  0  0  0  0  0  0  0  0  0  0  0  0  0  0  0  0  0 17]]
lower_path [19 21 22 23 23 24 24 24 25 26 27 29 30 32 33 34 36 37 37 38]
upper_path [20 21 22 23 25 26 28 29 30 31 33 33 33 34 35 35 36 37 37 38]


20
